Time	 Temp	Sal	Date
0	26.4	1.6	July_6th
0.25	26.2	1.6	July_6th
0.5	25.8	1.4	July_6th
0.75	25.3	1.1	July_6th
1	24.8	0.9	July_6th
1.25	24.2	0.7	July_6th
1.5	23.8	0.5	July_6th
1.75	23.5	0.4	July_6th
2	23.3	0.3	July_6th
2.25	23.2	0.2	July_6th
2.5	23.1	0.2	July_6th
2.75	23.1	0.2	July_6th
3	23.1	0.1	July_6th
3.25	23	0.1	July_6th
3.5	23	0.1	July_6th
3.75	22.9	0.1	July_6th
4	22.9	0.1	July_6th
4.25	22.8	0.1	July_6th
4.5	22.8	0.1	July_6th
4.75	22.8	0.1	July_6th
5	22.8	0.1	July_6th
5.25	22.8	0.1	July_6th
5.5	22.7	0.1	July_6th
5.75	22.7	0.1	July_6th
6	22.7	0.1	July_6th
6.25	22.7	0.1	July_6th
6.5	22.7	0	July_6th
6.75	22.7	0	July_6th
7	22.7	0.1	July_6th
7.25	22.7	0.1	July_6th
7.5	22.7	0	July_6th
7.75	22.6	0	July_6th
8	22.7	0	July_6th
8.25	22.6	0	July_6th
8.5	22.6	0	July_6th
8.75	22.6	0	July_6th
9	22.6	0	July_7th
9.25	22.6	0	July_7th
9.5	22.6	0	July_7th
9.75	22.6	0	July_7th
10	22.6	0	July_7th
10.25	22.5	0	July_7th
10.5	22.5	0	July_7th
10.75	22.5	0	July_7th
11	22.5	0	July_7th
11.25	22.5	0	July_7th
11.5	22.5	0	July_7th
11.75	22.5	0	July_7th
12	22.5	0	July_7th
12.25	22.4	0	July_7th
12.5	22.4	0	July_7th
12.75	22.4	0	July_7th
13	22.4	0	July_7th
13.25	22.4	0	July_7th
13.5	22.4	0	July_7th
13.75	22.4	0	July_7th
14	22.4	0	July_7th
14.25	22.4	0	July_7th
14.5	22.3	0	July_7th
14.75	22.3	0	July_7th
15	22.3	0	July_7th
15.25	22.3	0	July_7th
15.5	22.3	0	July_7th
15.75	22.4	0	July_7th
16	22.4	0	July_7th
16.25	22.4	0	July_7th
16.5	22.4	0	July_7th
16.75	22.4	0	July_7th
17	22.5	0	July_7th
17.25	22.5	0	July_7th
17.5	22.5	0	July_7th
17.75	22.5	0	July_7th
18	22.5	0	July_7th
18.25	22.5	0	July_7th
18.5	22.5	0	July_7th
18.75	22.5	0.1	July_7th
19	22.5	0	July_7th
19.25	22.5	0.1	July_7th
19.5	22.6	0.1	July_7th
19.75	22.6	0.1	July_7th
20	22.7	0.1	July_7th
20.25	22.6	0.1	July_7th
20.5	22.6	0.1	July_7th
20.75	22.6	0.1	July_7th
21	22.7	0.1	July_7th
21.25	23	0.1	July_7th
21.5	23.1	0.1	July_7th
21.75	22.9	0.1	July_7th
22	24.5	0.1	July_7th
22.25	25	0.1	July_7th
22.5	24.8	0.1	July_7th
22.75	24.7	0.1	July_7th
23	24.3	0.1	July_7th
23.25	24.3	0.1	July_7th
23.5	24.5	0.1	July_7th
23.75	24.9	0.1	July_7th
24	24.8	0.1	July_7th
24.25	25	0.1	July_7th
24.5	25.1	0.1	July_7th
24.75	25.2	0.1	July_7th
25	25.3	0.1	July_7th
25.25	25.4	0.1	July_7th
25.5	25.4	0.1	July_7th
25.75	25.5	0.1	July_7th
26	25.5	0.1	July_7th
26.25	25.4	0.1	July_7th
26.5	25.4	0.1	July_7th
26.75	25.3	0.1	July_7th
27	25.2	0.1	July_7th
27.25	25.1	0.1	July_7th
27.5	25.1	0.1	July_7th
27.75	25.2	0.1	July_7th
28	25.3	0.1	July_7th
28.25	25.3	0.1	July_7th
28.5	25.3	0.1	July_7th
28.75	25.4	0.1	July_7th
29	25.5	0.1	July_7th
29.25	25.5	0.1	July_7th
29.5	25.6	0.1	July_7th
29.75	25.6	0.1	July_7th
30	25.7	0.1	July_7th
30.25	25.7	0.1	July_7th
30.5	25.7	0.1	July_7th
30.75	25.7	0.1	July_7th
31	25.7	0.1	July_7th
31.25	25.7	0.1	July_7th
31.5	25.7	0.1	July_7th
31.75	25.7	0.1	July_7th
32	25.7	0.1	July_7th
32.25	25.7	0.1	July_7th
32.5	25.7	0.1	July_7th
32.75	25.7	0.1	July_7th
33	25.8	0.2	July_8th
33.25	25.8	0.2	July_8th
33.5	25.8	0.2	July_8th
33.75	25.8	0.2	July_8th
34	25.8	0.2	July_8th
34.25	25.8	0.2	July_8th
34.5	25.7	0.2	July_8th
34.75	25.7	0.2	July_8th
35	25.7	0.2	July_8th
35.25	25.6	0.2	July_8th
35.5	25.6	0.2	July_8th
35.75	25.5	0.1	July_8th
36	25.4	0.1	July_8th
36.25	25.4	0.1	July_8th
36.5	25.3	0.1	July_8th
36.75	25.3	0.1	July_8th
37	25.2	0.1	July_8th
37.25	25.1	0.1	July_8th
37.5	25	0.1	July_8th
37.75	24.9	0.1	July_8th
38	24.9	0.1	July_8th
38.25	24.8	0.1	July_8th
38.5	24.7	0.1	July_8th
38.75	24.5	0.1	July_8th
39	24.3	0.1	July_8th
39.25	24.2	0.1	July_8th
39.5	24	0.1	July_8th
39.75	23.9	0.1	July_8th
40	23.7	0.1	July_8th
40.25	23.7	0.1	July_8th
40.5	23.6	0.1	July_8th
40.75	23.6	0.1	July_8th
41	23.7	0.1	July_8th
41.25	23.8	0.1	July_8th
41.5	24	0.1	July_8th
41.75	24.2	0.1	July_8th
42	24.4	0.1	July_8th
42.25	24.6	0.1	July_8th
42.5	24.9	0.1	July_8th
42.75	25.1	0.1	July_8th
43	25.2	0.1	July_8th
43.25	25.4	0.1	July_8th
43.5	25.4	0.1	July_8th
43.75	25.4	0.1	July_8th
44	25.5	0.1	July_8th
44.25	25.5	0.1	July_8th
44.5	25.5	0.1	July_8th
44.75	25.8	0.1	July_8th
45	25.9	0.1	July_8th
45.25	25.8	0.1	July_8th
45.5	25.8	0.2	July_8th
45.75	25.7	0.2	July_8th
46	25.8	0.2	July_8th
46.25	27.7	0.1	July_8th
46.5	28	0.1	July_8th
46.75	28.1	0.1	July_8th
47	28	0.1	July_8th
47.25	27.4	0.1	July_8th
47.5	27.4	0.1	July_8th
47.75	27.6	0.1	July_8th
48	27.7	0.1	July_8th
48.25	27.2	0.1	July_8th
48.5	27.1	0.1	July_8th
48.75	27.2	0.1	July_8th
49	27.2	0.1	July_8th
49.25	27.2	0.1	July_8th
49.5	27.3	0.1	July_8th
49.75	27.4	0.1	July_8th
50	27.4	0.1	July_8th
50.25	27.5	0.1	July_8th
50.5	27.6	0.1	July_8th
50.75	27.6	0.1	July_8th
51	27.6	0.1	July_8th
51.25	27.5	0.1	July_8th
51.5	27.4	0.1	July_8th
51.75	27.4	0.1	July_8th
52	27.5	0.1	July_8th
52.25	27.5	0.1	July_8th
52.5	27.5	0.1	July_8th
52.75	27.5	0.1	July_8th
53	27.4	0.1	July_8th
53.25	27.4	0.1	July_8th
53.5	27.4	0.1	July_8th
53.75	27.3	0.1	July_8th
54	27.3	0.1	July_8th
54.25	27.3	0.1	July_8th
54.5	27.3	0.1	July_8th
54.75	27.3	0.1	July_8th
55	27.3	0.1	July_8th
55.25	27.3	0.2	July_8th
55.5	27.3	0.2	July_8th
55.75	27.3	0.2	July_8th
56	27.3	0.2	July_8th
56.25	27.4	0.2	July_8th
56.5	27.4	0.2	July_8th
56.75	27.4	0.2	July_8th
57	27.4	0.2	July_9th
57.25	27.5	0.3	July_9th
57.5	27.4	0.3	July_9th
57.75	27.4	0.3	July_9th
58	27.4	0.3	July_9th
58.25	27.4	0.3	July_9th
58.5	27.4	0.3	July_9th
58.75	27.4	0.3	July_9th
59	27.4	0.3	July_9th
59.25	27.3	0.3	July_9th
59.5	27.2	0.3	July_9th
59.75	27.2	0.3	July_9th
60	27.1	0.3	July_9th
60.25	26.9	0.2	July_9th
60.5	26.9	0.2	July_9th
60.75	26.8	0.2	July_9th
61	26.7	0.2	July_9th
61.25	26.5	0.2	July_9th
61.5	26.4	0.2	July_9th
61.75	26.3	0.2	July_9th
62	26.2	0.2	July_9th
62.25	26.1	0.2	July_9th
62.5	26	0.2	July_9th
62.75	25.9	0.1	July_9th
63	25.8	0.1	July_9th
63.25	25.7	0.1	July_9th
63.5	25.6	0.1	July_9th
63.75	25.5	0.1	July_9th
64	25.4	0.1	July_9th
64.25	25.2	0.1	July_9th
64.5	25	0.1	July_9th
64.75	24.9	0.1	July_9th
65	24.8	0.1	July_9th
65.25	24.9	0.1	July_9th
65.5	25	0.1	July_9th
65.75	25.2	0.1	July_9th
66	25.5	0.1	July_9th
66.25	25.7	0.1	July_9th
66.5	25.9	0.1	July_9th
66.75	26.1	0.1	July_9th
67	26.3	0.1	July_9th
67.25	26.5	0.2	July_9th
67.5	26.6	0.2	July_9th
67.75	26.8	0.2	July_9th
68	26.9	0.2	July_9th
68.25	26.9	0.2	July_9th
68.5	26.9	0.2	July_9th
68.75	27.2	0.2	July_9th
69	27	0.2	July_9th
69.25	27	0.2	July_9th
69.5	27	0.3	July_9th
69.75	27.2	0.3	July_9th
70	27.2	0.3	July_9th
70.25	27.2	0.3	July_9th
70.5	26.9	0.3	July_9th
70.75	26.9	0.3	July_9th
71	28.9	0.3	July_9th
71.25	27.7	0.3	July_9th
71.5	29.2	0.2	July_9th
71.75	28.5	0.2	July_9th
72	28.6	0.2	July_9th
72.25	28.6	0.2	July_9th
72.5	28.5	0.2	July_9th
72.75	28.6	0.2	July_9th
73	28.5	0.2	July_9th
73.25	28.5	0.2	July_9th
73.5	28.5	0.2	July_9th
73.75	28.5	0.2	July_9th
74	28.4	0.2	July_9th
74.25	28.4	0.2	July_9th
74.5	28.4	0.2	July_9th
74.75	28.4	0.1	July_9th
75	28.4	0.1	July_9th
75.25	28.5	0.1	July_9th
75.5	28.5	0.1	July_9th
75.75	28.5	0.1	July_9th
76	28.3	0.1	July_9th
76.25	28.2	0.1	July_9th
76.5	28.3	0.1	July_9th
76.75	28.3	0.1	July_9th
77	28.3	0.1	July_9th
77.25	28.2	0.1	July_9th
77.5	28.1	0.1	July_9th
77.75	28	0.1	July_9th
78	28	0.2	July_9th
78.25	28	0.2	July_9th
78.5	27.9	0.2	July_9th
78.75	27.9	0.2	July_9th
79	27.9	0.2	July_9th
79.25	27.9	0.2	July_9th
79.5	27.9	0.2	July_9th
79.75	27.9	0.3	July_9th
80	27.8	0.3	July_9th
80.25	27.8	0.3	July_9th
80.5	27.7	0.3	July_9th
80.75	27.8	0.3	July_9th
81	27.8	0.3	July_10th
81.25	27.7	0.3	July_10th
81.5	27.8	0.4	July_10th
81.75	27.8	0.4	July_10th
82	27.7	0.4	July_10th
82.25	27.7	0.4	July_10th
82.5	27.8	0.4	July_10th
82.75	27.7	0.4	July_10th
83	27.7	0.5	July_10th
83.25	27.7	0.5	July_10th
83.5	27.7	0.5	July_10th
83.75	27.6	0.5	July_10th
84	27.5	0.4	July_10th
84.25	27.4	0.4	July_10th
84.5	27.4	0.4	July_10th
84.75	27.3	0.4	July_10th
85	27.2	0.4	July_10th
85.25	27.1	0.4	July_10th
85.5	27.1	0.3	July_10th
85.75	26.9	0.3	July_10th
86	26.9	0.3	July_10th
86.25	26.7	0.3	July_10th
86.5	26.7	0.3	July_10th
86.75	26.6	0.3	July_10th
87	26.5	0.3	July_10th
87.25	26.4	0.2	July_10th
87.5	26.3	0.2	July_10th
87.75	26.2	0.2	July_10th
88	26.2	0.2	July_10th
88.25	26.1	0.2	July_10th
88.5	26	0.2	July_10th
88.75	25.9	0.2	July_10th
89	25.8	0.2	July_10th
89.25	25.5	0.2	July_10th
89.5	25.4	0.2	July_10th
89.75	25.5	0.2	July_10th
90	25.6	0.2	July_10th
90.25	25.8	0.2	July_10th
90.5	26	0.2	July_10th
90.75	26.2	0.2	July_10th
91	26.2	0.2	July_10th
91.25	26.4	0.2	July_10th
91.5	26.4	0.2	July_10th
91.75	26.5	0.2	July_10th
92	26.6	0.3	July_10th
92.25	26.7	0.3	July_10th
92.5	26.7	0.3	July_10th
92.75	27.1	0.3	July_10th
93	27.2	0.3	July_10th
93.25	27.1	0.3	July_10th
93.5	27.2	0.4	July_10th
93.75	27	0.4	July_10th
94	27	0.4	July_10th
94.25	27	0.4	July_10th
94.5	27.2	0.4	July_10th
94.75	27.2	0.4	July_10th
95	27	0.4	July_10th
95.25	27	0.5	July_10th
95.5	27.5	0.4	July_10th
95.75	29.2	0.4	July_10th
96	29.1	0.4	July_10th
96.25	29.2	0.4	July_10th
96.5	28.6	0.3	July_10th
96.75	28.6	0.3	July_10th
97	28.4	0.3	July_10th
97.25	28.4	0.3	July_10th
97.5	28.3	0.3	July_10th
97.75	28.3	0.3	July_10th
98	28.3	0.3	July_10th
98.25	28.4	0.3	July_10th
98.5	28.4	0.2	July_10th
98.75	28.4	0.2	July_10th
99	28.4	0.2	July_10th
99.25	28.4	0.2	July_10th
99.5	28.3	0.2	July_10th
99.75	28.2	0.2	July_10th
100	28.1	0.2	July_10th
100.25	28	0.2	July_10th
100.5	27.8	0.2	July_10th
100.75	27.7	0.2	July_10th
101	27.7	0.2	July_10th
101.25	27.9	0.2	July_10th
101.5	27.9	0.2	July_10th
101.75	27.9	0.2	July_10th
102	28	0.2	July_10th
102.25	28	0.2	July_10th
102.5	28.1	0.2	July_10th
102.75	28.1	0.2	July_10th
103	28.1	0.3	July_10th
103.25	28.1	0.3	July_10th
103.5	28.1	0.3	July_10th
103.75	28	0.3	July_10th
104	28	0.4	July_10th
104.25	28	0.4	July_10th
104.5	28	0.4	July_10th
104.75	28	0.4	July_10th
105	27.9	0.4	July_11th
105.25	27.9	0.4	July_11th
105.5	27.9	0.5	July_11th
105.75	27.9	0.5	July_11th
106	27.9	0.5	July_11th
106.25	27.9	0.5	July_11th
106.5	27.9	0.6	July_11th
106.75	27.9	0.6	July_11th
107	27.9	0.6	July_11th
107.25	27.8	0.6	July_11th
107.5	27.8	0.6	July_11th
107.75	27.8	0.6	July_11th
108	27.8	0.6	July_11th
108.25	27.8	0.6	July_11th
108.5	27.8	0.6	July_11th
108.75	27.7	0.6	July_11th
109	27.7	0.6	July_11th
109.25	27.6	0.6	July_11th
109.5	27.6	0.6	July_11th
109.75	27.6	0.5	July_11th
110	27.5	0.5	July_11th
110.25	27.5	0.5	July_11th
110.5	27.4	0.5	July_11th
110.75	27.4	0.4	July_11th
111	27.3	0.4	July_11th
111.25	27.3	0.4	July_11th
111.5	27.2	0.4	July_11th
111.75	27.2	0.4	July_11th
112	27.1	0.3	July_11th
112.25	27.1	0.3	July_11th
112.5	27.1	0.3	July_11th
112.75	27	0.3	July_11th
113	27	0.3	July_11th
113.25	26.9	0.3	July_11th
113.5	26.9	0.3	July_11th
113.75	26.9	0.2	July_11th
114	26.9	0.2	July_11th
114.25	26.9	0.2	July_11th
114.5	26.8	0.2	July_11th
114.75	27.1	0.2	July_11th
115	27.2	0.2	July_11th
115.25	27.4	0.2	July_11th
115.5	27.5	0.2	July_11th
115.75	27.7	0.3	July_11th
116	27.9	0.3	July_11th
116.25	28.1	0.3	July_11th
116.5	28.2	0.3	July_11th
116.75	28.3	0.4	July_11th
117	28.4	0.4	July_11th
117.25	28.4	0.4	July_11th
117.5	28.5	0.4	July_11th
117.75	28.8	0.4	July_11th
118	28.5	0.5	July_11th
118.25	28.6	0.5	July_11th
118.5	28.6	0.5	July_11th
118.75	28.7	0.5	July_11th
119	28.6	0.6	July_11th
119.25	28.6	0.6	July_11th
119.5	28.6	0.6	July_11th
119.75	28.7	0.6	July_11th
120	28.9	0.6	July_11th
120.25	29.9	0.5	July_11th
120.5	30.6	0.5	July_11th
120.75	30.3	0.5	July_11th
121	29.5	0.5	July_11th
121.25	29.5	0.5	July_11th
121.5	29.5	0.4	July_11th
121.75	29.6	0.4	July_11th
122	29.6	0.4	July_11th
122.25	29.5	0.4	July_11th
122.5	29.5	0.4	July_11th
122.75	29.5	0.4	July_11th
123	29.5	0.4	July_11th
123.25	29.5	0.3	July_11th
123.5	29.4	0.3	July_11th
123.75	29.4	0.3	July_11th
124	29.4	0.3	July_11th
124.25	29.4	0.3	July_11th
124.5	29.4	0.2	July_11th
124.75	29.4	0.2	July_11th
125	29.4	0.2	July_11th
125.25	29.3	0.2	July_11th
125.5	29.2	0.2	July_11th
125.75	29.2	0.2	July_11th
126	29.3	0.2	July_11th
126.25	29.3	0.2	July_11th
126.5	29.2	0.2	July_11th
126.75	29.2	0.2	July_11th
127	29.1	0.3	July_11th
127.25	29.1	0.3	July_11th
127.5	29.1	0.3	July_11th
127.75	29	0.3	July_11th
128	29	0.4	July_11th
128.25	29	0.4	July_11th
128.5	29	0.4	July_11th
128.75	29	0.4	July_11th
129	29	0.5	July_12th
129.25	29	0.5	July_12th
129.5	29	0.5	July_12th
129.75	29	0.5	July_12th
130	29	0.6	July_12th
130.25	29	0.6	July_12th
130.5	29	0.6	July_12th
130.75	29	0.7	July_12th
131	29	0.7	July_12th
131.25	28.9	0.7	July_12th
131.5	28.9	0.7	July_12th
131.75	28.9	0.8	July_12th
132	28.9	0.8	July_12th
132.25	28.9	0.8	July_12th
132.5	28.9	0.8	July_12th
132.75	28.8	0.8	July_12th
133	28.7	0.8	July_12th
133.25	28.7	0.8	July_12th
133.5	28.6	0.7	July_12th
133.75	28.6	0.7	July_12th
134	28.6	0.7	July_12th
134.25	28.6	0.7	July_12th
134.5	28.6	0.6	July_12th
134.75	28.5	0.6	July_12th
135	28.5	0.6	July_12th
135.25	28.5	0.6	July_12th
135.5	28.4	0.5	July_12th
135.75	28.4	0.5	July_12th
136	28.3	0.5	July_12th
136.25	28.3	0.4	July_12th
136.5	28.2	0.4	July_12th
136.75	28.2	0.4	July_12th
137	28.2	0.4	July_12th
137.25	28.2	0.3	July_12th
137.5	28.2	0.3	July_12th
137.75	28.3	0.3	July_12th
138	28.3	0.3	July_12th
138.25	28.3	0.3	July_12th
138.5	28.3	0.3	July_12th
138.75	28.2	0.2	July_12th
139	28.3	0.2	July_12th
139.25	28.4	0.3	July_12th
139.5	28.6	0.3	July_12th
139.75	28.8	0.3	July_12th
140	28.9	0.3	July_12th
140.25	29	0.3	July_12th
140.5	29.1	0.3	July_12th
140.75	29.3	0.4	July_12th
141	29.5	0.4	July_12th
141.25	29.5	0.4	July_12th
141.5	29.6	0.5	July_12th
141.75	29.7	0.5	July_12th
142	29.7	0.5	July_12th
142.25	29.7	0.5	July_12th
142.5	29.7	0.6	July_12th
142.75	29.8	0.6	July_12th
143	29.8	0.6	July_12th
143.25	29.8	0.7	July_12th
143.5	29.7	0.7	July_12th
143.75	29.7	0.7	July_12th
144	29.7	0.7	July_12th
144.25	29.7	0.7	July_12th
144.5	29.8	0.7	July_12th
144.75	30.6	0.6	July_12th
145	30.1	0.7	July_12th
145.25	30.7	0.6	July_12th
145.5	30.5	0.6	July_12th
145.75	30.3	0.6	July_12th
146	30.4	0.6	July_12th
146.25	30.4	0.5	July_12th
146.5	30.4	0.5	July_12th
146.75	30.4	0.5	July_12th
147	30.4	0.5	July_12th
147.25	30.4	0.5	July_12th
147.5	30.4	0.4	July_12th
147.75	30.4	0.4	July_12th
148	30.4	0.4	July_12th
148.25	30.4	0.4	July_12th
148.5	30.3	0.3	July_12th
148.75	30.3	0.3	July_12th
149	30.3	0.3	July_12th
149.25	30.3	0.3	July_12th
149.5	30.3	0.2	July_12th
149.75	30.2	0.2	July_12th
150	30.1	0.2	July_12th
150.25	30.1	0.2	July_12th
150.5	30.1	0.2	July_12th
150.75	30.1	0.3	July_12th
151	30.1	0.3	July_12th
151.25	30	0.3	July_12th
151.5	30	0.3	July_12th
151.75	30	0.3	July_12th
152	29.9	0.4	July_12th
152.25	29.9	0.4	July_12th
152.5	29.8	0.4	July_12th
152.75	29.8	0.5	July_12th
153	29.8	0.5	July_13th
153.25	29.7	0.5	July_13th
153.5	29.7	0.6	July_13th
153.75	29.7	0.6	July_13th
154	29.7	0.6	July_13th
154.25	29.7	0.7	July_13th
154.5	29.7	0.7	July_13th
154.75	29.7	0.8	July_13th
155	29.6	0.8	July_13th
155.25	29.6	0.8	July_13th
155.5	29.6	0.8	July_13th
155.75	29.5	0.8	July_13th
156	29.5	0.9	July_13th
156.25	29.5	0.9	July_13th
156.5	29.5	0.9	July_13th
156.75	29.4	1	July_13th
157	29.4	1	July_13th
157.25	29.4	1	July_13th
157.5	29.3	0.9	July_13th
157.75	29.2	0.9	July_13th
158	29.2	0.9	July_13th
158.25	29.2	0.9	July_13th
158.5	29.2	0.8	July_13th
158.75	29.2	0.8	July_13th
159	29.2	0.8	July_13th
159.25	29.2	0.7	July_13th
159.5	29.2	0.7	July_13th
159.75	29.2	0.7	July_13th
160	29.2	0.7	July_13th
160.25	29.1	0.6	July_13th
160.5	29.1	0.6	July_13th
160.75	29.1	0.6	July_13th
161	29.1	0.5	July_13th
161.25	29.2	0.5	July_13th
161.5	29.2	0.5	July_13th
161.75	29.3	0.5	July_13th
162	29.5	0.5	July_13th
162.25	29.6	0.4	July_13th
162.5	29.6	0.4	July_13th
162.75	29.7	0.3	July_13th
163	29.8	0.3	July_13th
163.25	29.8	0.3	July_13th
163.5	29.8	0.3	July_13th
163.75	30	0.3	July_13th
164	30.1	0.3	July_13th
164.25	30.3	0.3	July_13th
164.5	30.3	0.4	July_13th
164.75	30.4	0.4	July_13th
165	30.4	0.4	July_13th
165.25	30.5	0.5	July_13th
165.5	30.7	0.5	July_13th
165.75	30.8	0.5	July_13th
166	30.8	0.6	July_13th
166.25	30.9	0.6	July_13th
166.5	30.9	0.6	July_13th
166.75	31	0.7	July_13th
167	31.1	0.7	July_13th
167.25	31	0.8	July_13th
167.5	31.1	0.8	July_13th
167.75	31.1	0.8	July_13th
168	31	0.9	July_13th
168.25	31	0.9	July_13th
168.5	31	0.9	July_13th
168.75	31	0.9	July_13th
169	30.9	0.9	July_13th
169.25	30.9	0.9	July_13th
169.5	31.5	0.9	July_13th
169.75	31.4	0.8	July_13th
170	32	0.8	July_13th
170.25	31.7	0.8	July_13th
170.5	31.6	0.8	July_13th
170.75	31.6	0.7	July_13th
171	31.6	0.7	July_13th
171.25	31.6	0.7	July_13th
171.5	31.5	0.7	July_13th
171.75	31.5	0.6	July_13th
172	31.5	0.6	July_13th
172.25	31.5	0.6	July_13th
172.5	31.4	0.5	July_13th
172.75	31.4	0.5	July_13th
173	31.3	0.5	July_13th
173.25	31.3	0.4	July_13th
173.5	31.3	0.4	July_13th
173.75	31.3	0.4	July_13th
174	31.3	0.3	July_13th
174.25	31.3	0.3	July_13th
174.5	31.2	0.3	July_13th
174.75	31.1	0.3	July_13th
175	31.1	0.3	July_13th
175.25	31.1	0.3	July_13th
175.5	31.1	0.3	July_13th
175.75	31	0.3	July_13th
176	31	0.4	July_13th
176.25	30.9	0.4	July_13th
176.5	30.8	0.4	July_13th
176.75	30.7	0.4	July_13th
177	30.7	0.5	July_14th
177.25	30.6	0.5	July_14th
177.5	30.5	0.6	July_14th
177.75	30.5	0.6	July_14th
178	30.4	0.7	July_14th
178.25	30.4	0.7	July_14th
178.5	30.3	0.8	July_14th
178.75	30.3	0.8	July_14th
179	30.3	0.8	July_14th
179.25	30.3	0.9	July_14th
179.5	30.2	0.9	July_14th
179.75	30.2	1	July_14th
180	30.2	1	July_14th
180.25	30.1	1	July_14th
180.5	30.1	1	July_14th
180.75	30.1	1.1	July_14th
181	30.1	1.1	July_14th
181.25	30	1.1	July_14th
181.5	30	1.1	July_14th
181.75	30	1.1	July_14th
182	30	1.2	July_14th
182.25	29.8	1.1	July_14th
182.5	29.8	1.1	July_14th
182.75	29.7	1	July_14th
183	29.7	1	July_14th
183.25	29.8	1	July_14th
183.5	29.8	1	July_14th
183.75	29.8	0.9	July_14th
184	29.8	0.9	July_14th
184.25	29.8	0.9	July_14th
184.5	29.8	0.8	July_14th
184.75	29.7	0.8	July_14th
185	29.8	0.8	July_14th
185.25	29.8	0.7	July_14th
185.5	29.8	0.7	July_14th
185.75	29.9	0.7	July_14th
186	29.9	0.6	July_14th
186.25	30	0.6	July_14th
186.5	30.1	0.6	July_14th
186.75	30.2	0.5	July_14th
187	30.3	0.5	July_14th
187.25	30.4	0.5	July_14th
187.5	30.6	0.4	July_14th
187.75	30.7	0.4	July_14th
188	30.6	0.4	July_14th
188.25	31	0.4	July_14th
188.5	30.9	0.4	July_14th
188.75	31	0.4	July_14th
189	31.1	0.5	July_14th
189.25	31.2	0.5	July_14th
189.5	31.3	0.6	July_14th
189.75	31.4	0.6	July_14th
190	31.5	0.6	July_14th
190.25	31.6	0.7	July_14th
190.5	31.7	0.7	July_14th
190.75	31.8	0.8	July_14th
191	31.8	0.8	July_14th
191.25	31.8	0.8	July_14th
191.5	31.9	0.8	July_14th
191.75	31.9	0.9	July_14th
192	31.9	0.9	July_14th
192.25	31.7	0.9	July_14th
192.5	31.6	0.9	July_14th
192.75	31.5	1	July_14th
193	31.4	1.1	July_14th
193.25	31.3	1.1	July_14th
193.5	31.2	1.1	July_14th
193.75	31.1	1.1	July_14th
194	31	1.1	July_14th
194.25	30.9	1.1	July_14th
194.5	30.9	1.1	July_14th
194.75	30.8	1.1	July_14th
195	30.8	1.1	July_14th
195.25	30.8	1	July_14th
195.5	30.8	1	July_14th
195.75	31	1	July_14th
196	31	1	July_14th
196.25	31	0.9	July_14th
196.5	31	0.9	July_14th
196.75	31	0.9	July_14th
197	30.9	0.9	July_14th
197.25	30.9	0.8	July_14th
197.5	30.8	0.8	July_14th
197.75	30.7	0.8	July_14th
198	30.6	0.7	July_14th
198.25	30.5	0.7	July_14th
198.5	30.4	0.7	July_14th
198.75	30.3	0.6	July_14th
199	30.2	0.6	July_14th
199.25	30.1	0.6	July_14th
199.5	30	0.5	July_14th
199.75	30	0.5	July_14th
200	29.9	0.5	July_14th
200.25	29.8	0.4	July_14th
200.5	29.8	0.4	July_14th
200.75	29.8	0.4	July_14th
201	29.8	0.4	July_15th
201.25	29.8	0.5	July_15th
201.5	29.8	0.5	July_15th
201.75	29.8	0.6	July_15th
202	29.7	0.6	July_15th
202.25	29.7	0.7	July_15th
202.5	29.7	0.7	July_15th
202.75	29.6	0.7	July_15th
203	29.6	0.8	July_15th
203.25	29.6	0.8	July_15th
203.5	29.5	0.8	July_15th
203.75	29.5	0.9	July_15th
204	29.5	0.9	July_15th
204.25	29.4	0.9	July_15th
204.5	29.4	1	July_15th
204.75	29.3	1	July_15th
205	29.2	1	July_15th
205.25	29.2	1.1	July_15th
205.5	29.1	1.1	July_15th
205.75	29.1	1.1	July_15th
206	29	1.2	July_15th
206.25	29	1.2	July_15th
206.5	29	1.2	July_15th
206.75	29	1.2	July_15th
207	28.9	1.2	July_15th
207.25	28.9	1.1	July_15th
207.5	28.9	1.1	July_15th
207.75	28.9	1	July_15th
208	29	1	July_15th
208.25	29	1	July_15th
208.5	29.1	1	July_15th
208.75	29	0.9	July_15th
209	29.1	0.9	July_15th
209.25	29.1	0.9	July_15th
209.5	29.1	0.8	July_15th
209.75	29.1	0.8	July_15th
210	29.1	0.8	July_15th
210.25	29.1	0.7	July_15th
210.5	29.1	0.7	July_15th
210.75	29.2	0.7	July_15th
211	29.2	0.6	July_15th
211.25	29.3	0.6	July_15th
211.5	29.4	0.6	July_15th
211.75	29.6	0.6	July_15th
212	29.6	0.5	July_15th
212.25	29.6	0.5	July_15th
212.5	29.7	0.5	July_15th
212.75	29.6	0.4	July_15th
213	29.3	0.4	July_15th
213.25	29.5	0.4	July_15th
213.5	29.6	0.4	July_15th
213.75	29.8	0.4	July_15th
214	29.9	0.5	July_15th
214.25	30.1	0.5	July_15th
214.5	30.1	0.6	July_15th
214.75	30.2	0.6	July_15th
215	30.3	0.6	July_15th
215.25	30.3	0.7	July_15th
215.5	30.5	0.7	July_15th
215.75	30.5	0.8	July_15th
216	30.5	0.8	July_15th
216.25	30.6	0.8	July_15th
216.5	30.6	0.9	July_15th
216.75	30.7	0.9	July_15th
217	30.9	0.9	July_15th
217.25	30.6	1	July_15th
217.5	30.8	1	July_15th
217.75	30.8	1	July_15th
218	30.6	1.1	July_15th
218.25	30.8	1.1	July_15th
218.5	30.4	1.2	July_15th
218.75	30.4	1.2	July_15th
219	30.4	1.2	July_15th
219.25	30.5	1.2	July_15th
219.5	30.7	1	July_15th
219.75	30.6	1	July_15th
220	30.6	1	July_15th
220.25	30.7	1	July_15th
220.5	30.7	1	July_15th
220.75	30.7	0.9	July_15th
221	30.6	0.9	July_15th
221.25	30.6	0.9	July_15th
221.5	30.6	0.8	July_15th
221.75	30.5	0.8	July_15th
222	30.4	0.7	July_15th
222.25	30.3	0.7	July_15th
222.5	30.2	0.7	July_15th
222.75	30.1	0.6	July_15th
223	30	0.6	July_15th
223.25	29.9	0.6	July_15th
223.5	29.8	0.5	July_15th
223.75	29.7	0.5	July_15th
224	29.6	0.4	July_15th
224.25	29.5	0.4	July_15th
224.5	29.3	0.4	July_15th
224.75	29.1	0.3	July_15th
225	29.1	0.3	July_16th
225.25	29.2	0.4	July_16th
225.5	29.2	0.4	July_16th
225.75	29.2	0.4	July_16th
226	29.2	0.5	July_16th
226.25	29.2	0.5	July_16th
226.5	29.2	0.5	July_16th
226.75	29.2	0.6	July_16th
227	29.1	0.6	July_16th
227.25	29.1	0.7	July_16th
227.5	29.1	0.7	July_16th
227.75	29	0.8	July_16th
228	29	0.9	July_16th
228.25	28.9	0.9	July_16th
228.5	28.9	0.9	July_16th
228.75	28.8	1	July_16th
229	28.8	1	July_16th
229.25	28.7	1.1	July_16th
229.5	28.7	1.1	July_16th
229.75	28.6	1.1	July_16th
230	28.6	1.2	July_16th
230.25	28.6	1.2	July_16th
230.5	28.6	1.2	July_16th
230.75	28.5	1.3	July_16th
231	28.5	1.3	July_16th
231.25	28.5	1.3	July_16th
231.5	28.5	1.3	July_16th
231.75	28.2	1.2	July_16th
232	28.3	1.2	July_16th
232.25	28.2	1.1	July_16th
232.5	28.3	1.1	July_16th
232.75	28.3	1.1	July_16th
233	28.3	1	July_16th
233.25	28.4	1	July_16th
233.5	28.4	1	July_16th
233.75	28.5	0.9	July_16th
234	28.5	0.9	July_16th
234.25	28.5	0.8	July_16th
234.5	28.6	0.8	July_16th
234.75	28.8	0.8	July_16th
235	28.8	0.7	July_16th
235.25	28.9	0.7	July_16th
235.5	29.1	0.7	July_16th
235.75	29.1	0.6	July_16th
236	29.2	0.6	July_16th
236.25	29.3	0.6	July_16th
236.5	29.3	0.5	July_16th
236.75	29.4	0.4	July_16th
237	29.5	0.4	July_16th
237.25	29.5	0.4	July_16th
237.5	29.4	0.4	July_16th
237.75	29.5	0.4	July_16th
238	29.7	0.4	July_16th
238.25	30	0.4	July_16th
238.5	30	0.5	July_16th
238.75	30.1	0.5	July_16th
239	30.2	0.6	July_16th
239.25	30.3	0.6	July_16th
239.5	30.5	0.7	July_16th
239.75	30.5	0.7	July_16th
240	30.5	0.8	July_16th
240.25	30.7	0.8	July_16th
240.5	30.8	0.9	July_16th
240.75	30.8	0.9	July_16th
241	30.9	1	July_16th
241.25	30.9	1	July_16th
241.5	30.9	1.1	July_16th
241.75	30.9	1.1	July_16th
242	31	1.1	July_16th
242.25	30.9	1.2	July_16th
242.5	30.9	1.2	July_16th
242.75	30.9	1.2	July_16th
243	31	1.2	July_16th
243.25	31.1	1.2	July_16th
243.5	30.9	1.2	July_16th
243.75	30.7	1.3	July_16th
244	30.7	1.3	July_16th
244.25	30.8	1.3	July_16th
244.5	30.7	1.2	July_16th
244.75	30.7	1.2	July_16th
245	30.7	1.2	July_16th
245.25	30.8	1.1	July_16th
245.5	30.8	1.1	July_16th
245.75	30.8	1.1	July_16th
246	30.8	1	July_16th
246.25	30.7	1	July_16th
246.5	30.6	1	July_16th
246.75	30.6	1	July_16th
247	30.5	0.9	July_16th
247.25	30.4	0.9	July_16th
247.5	30.3	0.8	July_16th
247.75	30.2	0.8	July_16th
248	30.1	0.7	July_16th
248.25	29.9	0.7	July_16th
248.5	29.8	0.7	July_16th
248.75	29.7	0.6	July_16th
249	29.6	0.6	July_17th
249.25	29.5	0.5	July_17th
249.5	29.3	0.5	July_17th
249.75	29.2	0.5	July_17th
250	29.2	0.4	July_17th
250.25	29.2	0.5	July_17th
250.5	29.2	0.5	July_17th
250.75	29.2	0.5	July_17th
251	29.2	0.6	July_17th
251.25	29.2	0.6	July_17th
251.5	29.2	0.7	July_17th
251.75	29.2	0.7	July_17th
252	29.2	0.8	July_17th
252.25	29.2	0.8	July_17th
252.5	29.2	0.9	July_17th
252.75	29.1	1	July_17th
253	29.1	1	July_17th
253.25	29	1	July_17th
253.5	29	1.1	July_17th
253.75	29	1.1	July_17th
254	28.9	1.2	July_17th
254.25	28.9	1.2	July_17th
254.5	28.8	1.2	July_17th
254.75	28.8	1.3	July_17th
255	28.7	1.3	July_17th
255.25	28.7	1.3	July_17th
255.5	28.7	1.4	July_17th
255.75	28.6	1.4	July_17th
256	28.6	1.4	July_17th
256.25	28.6	1.4	July_17th
256.5	28.6	1.4	July_17th
256.75	28.8	1.2	July_17th
257	28.9	1.2	July_17th
257.25	28.9	1.2	July_17th
257.5	28.8	1.2	July_17th
257.75	28.8	1.2	July_17th
258	28.9	1.1	July_17th
258.25	29	1.1	July_17th
258.5	29.2	1.1	July_17th
258.75	29.2	1	July_17th
259	29.3	1	July_17th
259.25	29.3	1	July_17th
259.5	29.4	0.9	July_17th
259.75	29.5	0.9	July_17th
260	29.6	0.8	July_17th
260.25	29.7	0.8	July_17th
260.5	29.9	0.8	July_17th
260.75	30	0.7	July_17th
261	30.2	0.7	July_17th
261.25	30.4	0.6	July_17th
261.5	30.5	0.6	July_17th
261.75	30.4	0.5	July_17th
262	30.5	0.5	July_17th
262.25	30.5	0.5	July_17th
262.5	30.7	0.5	July_17th
262.75	30.7	0.5	July_17th
263	30.9	0.5	July_17th
263.25	31	0.6	July_17th
263.5	31.1	0.6	July_17th
263.75	31.2	0.6	July_17th
264	31.3	0.7	July_17th
264.25	31.4	0.8	July_17th
264.5	31.4	0.8	July_17th
264.75	31.4	0.9	July_17th
265	31.4	0.9	July_17th
265.25	31.4	1	July_17th
265.5	31.3	1.1	July_17th
265.75	31.3	1.1	July_17th
266	31.2	1.1	July_17th
266.25	31.2	1.2	July_17th
266.5	31.2	1.2	July_17th
266.75	31.1	1.2	July_17th
267	31	1.3	July_17th
267.25	31	1.3	July_17th
267.5	30.9	1.3	July_17th
267.75	30.8	1.4	July_17th
268	30.7	1.4	July_17th
268.25	30.6	1.4	July_17th
268.5	30.6	1.4	July_17th
268.75	30.5	1.4	July_17th
269	30.4	1.5	July_17th
269.25	30.4	1.5	July_17th
269.5	30.5	1.4	July_17th
269.75	30.5	1.4	July_17th
270	30.4	1.3	July_17th
270.25	30.4	1.3	July_17th
270.5	30.5	1.3	July_17th
270.75	30.6	1.3	July_17th
271	30.6	1.2	July_17th
271.25	30.6	1.2	July_17th
271.5	30.6	1.2	July_17th
271.75	30.5	1.2	July_17th
272	30.5	1.1	July_17th
272.25	30.5	1.1	July_17th
272.5	30.4	1	July_17th
272.75	30.3	1	July_17th
273	30.3	0.9	July_18th
273.25	30.2	0.9	July_18th
273.5	30.1	0.8	July_18th
273.75	30	0.8	July_18th
274	29.9	0.8	July_18th
274.25	29.8	0.7	July_18th
274.5	29.7	0.7	July_18th
274.75	29.5	0.6	July_18th
275	29.4	0.6	July_18th
275.25	29.3	0.6	July_18th
275.5	29.4	0.6	July_18th
275.75	29.4	0.6	July_18th
276	29.4	0.7	July_18th
276.25	29.4	0.7	July_18th
276.5	29.4	0.8	July_18th
276.75	29.4	0.8	July_18th
277	29.4	0.8	July_18th
277.25	29.4	0.9	July_18th
277.5	29.3	1	July_18th
277.75	29.3	1	July_18th
278	29.2	1.1	July_18th
278.25	29.2	1.1	July_18th
278.5	29.2	1.2	July_18th
278.75	29.1	1.2	July_18th
279	29	1.3	July_18th
279.25	28.9	1.3	July_18th
279.5	28.8	1.3	July_18th
279.75	28.8	1.4	July_18th
280	28.8	1.4	July_18th
280.25	28.7	1.4	July_18th
280.5	28.7	1.4	July_18th
280.75	28.7	1.5	July_18th
281	28.7	1.5	July_18th
281.25	28.7	1.5	July_18th
281.5	28.9	1.3	July_18th
281.75	29.1	1.3	July_18th
282	29.2	1.3	July_18th
282.25	29.1	1.3	July_18th
282.5	29	1.2	July_18th
282.75	29.1	1.2	July_18th
283	29.2	1.2	July_18th
283.25	29.4	1.1	July_18th
283.5	29.5	1.1	July_18th
283.75	29.5	1.1	July_18th
284	29.6	1	July_18th
284.25	29.7	1	July_18th
284.5	29.9	0.9	July_18th
284.75	29.9	0.9	July_18th
285	30	0.9	July_18th
285.25	30.2	0.8	July_18th
285.5	30.2	0.8	July_18th
285.75	30.5	0.8	July_18th
286	30.5	0.7	July_18th
286.25	30.6	0.6	July_18th
286.5	30.6	0.6	July_18th
286.75	30.7	0.5	July_18th
287	30.8	0.5	July_18th
287.25	30.8	0.5	July_18th
287.5	30.9	0.5	July_18th
287.75	31.1	0.6	July_18th
288	31.1	0.6	July_18th
288.25	31.2	0.6	July_18th
288.5	31.2	0.7	July_18th
288.75	31.3	0.7	July_18th
289	31.5	0.8	July_18th
289.25	31.6	0.9	July_18th
289.5	31.7	0.9	July_18th
289.75	31.7	1	July_18th
290	31.7	1	July_18th
290.25	31.6	1.1	July_18th
290.5	31.5	1.2	July_18th
290.75	31.5	1.2	July_18th
291	31.5	1.2	July_18th
291.25	31.5	1.3	July_18th
291.5	31.4	1.3	July_18th
291.75	31.3	1.4	July_18th
292	31.2	1.4	July_18th
292.25	31.1	1.5	July_18th
292.5	31	1.5	July_18th
292.75	31	1.5	July_18th
293	30.8	1.5	July_18th
293.25	30.8	1.6	July_18th
293.5	30.7	1.6	July_18th
293.75	30.6	1.6	July_18th
294	30.5	1.6	July_18th
294.25	30.4	1.7	July_18th
294.5	30.5	1.6	July_18th
294.75	30.5	1.5	July_18th
295	30.5	1.5	July_18th
295.25	30.5	1.5	July_18th
295.5	30.6	1.5	July_18th
295.75	30.7	1.4	July_18th
296	30.7	1.4	July_18th
296.25	30.7	1.3	July_18th
296.5	30.7	1.3	July_18th
296.75	30.7	1.3	July_18th
297	30.7	1.2	July_19th
297.25	30.7	1.2	July_19th
297.5	30.7	1.2	July_19th
297.75	30.6	1.1	July_19th
298	30.5	1.1	July_19th
298.25	30.5	1	July_19th
298.5	30.4	1	July_19th
298.75	30.3	0.9	July_19th
299	30.2	0.9	July_19th
299.25	30.1	0.8	July_19th
299.5	30	0.8	July_19th
299.75	29.9	0.7	July_19th
300	29.7	0.7	July_19th
300.25	29.6	0.6	July_19th
300.5	29.6	0.6	July_19th
300.75	29.7	0.7	July_19th
301	29.7	0.7	July_19th
301.25	29.7	0.8	July_19th
301.5	29.7	0.8	July_19th
301.75	29.7	0.9	July_19th
302	29.7	0.9	July_19th
302.25	29.7	1	July_19th
302.5	29.7	1	July_19th
302.75	29.6	1.1	July_19th
303	29.5	1.2	July_19th
303.25	29.5	1.2	July_19th
303.5	29.4	1.3	July_19th
303.75	29.4	1.3	July_19th
304	29.3	1.4	July_19th
304.25	29.3	1.4	July_19th
304.5	29.2	1.4	July_19th
304.75	29.2	1.5	July_19th
305	29.2	1.5	July_19th
305.25	29.1	1.5	July_19th
305.5	29.1	1.6	July_19th
305.75	29.1	1.6	July_19th
306	29.1	1.6	July_19th
306.25	29.1	1.7	July_19th
306.5	30	1.4	July_19th
306.75	29.5	1.5	July_19th
307	30.9	1.4	July_19th
307.25	30.7	1.4	July_19th
307.5	30.3	1.3	July_19th
307.75	30.3	1.3	July_19th
308	30.4	1.3	July_19th
308.25	30.7	1.3	July_19th
308.5	30.8	1.2	July_19th
308.75	30.8	1.2	July_19th
309	30.9	1.1	July_19th
309.25	31.1	1.1	July_19th
309.5	31.3	1	July_19th
309.75	31.5	1	July_19th
310	31.7	0.9	July_19th
310.25	31.9	0.9	July_19th
310.5	32.1	0.8	July_19th
310.75	32.3	0.8	July_19th
311	32.4	0.7	July_19th
311.25	32.6	0.7	July_19th
311.5	32.6	0.6	July_19th
311.75	32.5	0.6	July_19th
312	32.5	0.6	July_19th
312.25	32.4	0.5	July_19th
312.5	32.3	0.6	July_19th
312.75	32.4	0.6	July_19th
313	32.5	0.7	July_19th
313.25	32.5	0.7	July_19th
313.5	32.5	0.8	July_19th
313.75	32.5	0.8	July_19th
314	32.5	0.9	July_19th
314.25	32.6	0.9	July_19th
314.5	32.6	1	July_19th
314.75	32.5	1.1	July_19th
315	32.5	1.2	July_19th
315.25	32.4	1.2	July_19th
315.5	32.3	1.3	July_19th
315.75	32.3	1.4	July_19th
316	32.2	1.4	July_19th
316.25	32.2	1.5	July_19th
316.5	32.2	1.5	July_19th
316.75	32.1	1.5	July_19th
317	32.1	1.6	July_19th
317.25	32	1.6	July_19th
317.5	31.9	1.6	July_19th
317.75	31.8	1.7	July_19th
318	31.8	1.7	July_19th
318.25	31.7	1.7	July_19th
318.5	31.6	1.8	July_19th
318.75	31.5	1.8	July_19th
319	31.4	1.8	July_19th
319.25	31.4	1.8	July_19th
319.5	31.4	1.8	July_19th
319.75	31.4	1.7	July_19th
320	31.4	1.7	July_19th
320.25	31.3	1.6	July_19th
320.5	31.5	1.6	July_19th
320.75	31.5	1.6	July_19th
321	31.5	1.5	July_20th
321.25	31.5	1.5	July_20th
321.5	31.5	1.5	July_20th
321.75	31.5	1.4	July_20th
322	31.4	1.4	July_20th
322.25	31.4	1.4	July_20th
322.5	31.4	1.3	July_20th
322.75	31.3	1.3	July_20th
323	31.2	1.2	July_20th
323.25	31.2	1.1	July_20th
323.5	31.1	1.1	July_20th
323.75	31	1	July_20th
324	30.9	1	July_20th
324.25	30.9	0.9	July_20th
324.5	30.8	0.9	July_20th
324.75	30.6	0.8	July_20th
325	30.5	0.8	July_20th
325.25	30.3	0.7	July_20th
325.5	30.2	0.7	July_20th
325.75	30.3	0.7	July_20th
326	30.3	0.7	July_20th
326.25	30.4	0.8	July_20th
326.5	30.4	0.8	July_20th
326.75	30.4	0.9	July_20th
327	30.4	0.9	July_20th
327.25	30.4	1	July_20th
327.5	30.4	1.1	July_20th
327.75	30.4	1.1	July_20th
328	30.3	1.2	July_20th
328.25	30.2	1.3	July_20th
328.5	30.2	1.3	July_20th
328.75	30.2	1.4	July_20th
329	30.1	1.4	July_20th
329.25	30.1	1.5	July_20th
329.5	30.1	1.5	July_20th
329.75	30.1	1.6	July_20th
330	30.1	1.6	July_20th
330.25	30.1	1.6	July_20th
330.5	30	1.7	July_20th
330.75	30	1.7	July_20th
331	30	1.8	July_20th
331.25	30	1.8	July_20th
331.5	30.9	1.6	July_20th
331.75	31.8	1.6	July_20th
332	32.4	1.5	July_20th
332.25	31.7	1.5	July_20th
332.5	31.4	1.4	July_20th
332.75	31.6	1.4	July_20th
333	31.8	1.4	July_20th
333.25	31.9	1.3	July_20th
333.5	32	1.3	July_20th
333.75	32	1.2	July_20th
334	32.3	1.2	July_20th
334.25	32.4	1.1	July_20th
334.5	32.5	1.1	July_20th
334.75	32.7	1.1	July_20th
335	32.9	1	July_20th
335.25	33	1	July_20th
335.5	33.1	0.9	July_20th
335.75	33.2	0.8	July_20th
336	33.3	0.8	July_20th
336.25	33.4	0.7	July_20th
336.5	33.4	0.7	July_20th
336.75	33.5	0.6	July_20th
337	33.4	0.6	July_20th
337.25	33.5	0.6	July_20th
337.5	33.5	0.6	July_20th
337.75	33.5	0.7	July_20th
338	33.5	0.7	July_20th
338.25	33.4	0.8	July_20th
338.5	33.4	0.8	July_20th
338.75	33.4	0.9	July_20th
339	33.4	1	July_20th
339.25	33.4	1.1	July_20th
339.5	33.3	1.1	July_20th
339.75	33.2	1.2	July_20th
340	33.1	1.3	July_20th
340.25	32.9	1.4	July_20th
340.5	32.9	1.5	July_20th
340.75	32.8	1.5	July_20th
341	32.7	1.6	July_20th
341.25	32.7	1.6	July_20th
341.5	32.6	1.6	July_20th
341.75	32.5	1.7	July_20th
342	32.5	1.7	July_20th
342.25	32.4	1.8	July_20th
342.5	32.4	1.8	July_20th
342.75	32.3	1.8	July_20th
343	32.2	1.9	July_20th
343.25	32.2	1.9	July_20th
343.5	32.1	1.9	July_20th
343.75	32	1.9	July_20th
344	31.9	2	July_20th
344.25	31.9	2	July_20th
344.5	31.9	2	July_20th
344.75	31.9	1.8	July_20th
345	31.9	1.9	July_21th
345.25	31.8	1.8	July_21th
345.5	31.9	1.8	July_21th
345.75	31.9	1.8	July_21th
346	32	1.7	July_21th
346.25	31.9	1.7	July_21th
346.5	31.9	1.7	July_21th
346.75	31.9	1.6	July_21th
347	31.9	1.6	July_21th
347.25	31.9	1.6	July_21th
347.5	31.9	1.5	July_21th
347.75	31.8	1.4	July_21th
348	31.7	1.4	July_21th
348.25	31.7	1.3	July_21th
348.5	31.7	1.3	July_21th
348.75	31.6	1.2	July_21th
349	31.6	1.1	July_21th
349.25	31.5	1.1	July_21th
349.5	31.4	1	July_21th
349.75	31.3	1	July_21th
350	31.2	0.9	July_21th
350.25	31	0.8	July_21th
350.5	30.9	0.8	July_21th
350.75	30.9	0.8	July_21th
351	31	0.9	July_21th
351.25	31	0.9	July_21th
351.5	31.1	0.9	July_21th
351.75	31.1	1	July_21th
352	31.1	1.1	July_21th
352.25	31.1	1.1	July_21th
352.5	31.1	1.2	July_21th
352.75	31.1	1.3	July_21th
353	31	1.4	July_21th
353.25	31	1.4	July_21th
353.5	31	1.5	July_21th
353.75	31	1.5	July_21th
354	31	1.6	July_21th
354.25	31	1.6	July_21th
354.5	31	1.7	July_21th
354.75	31	1.7	July_21th
355	31	1.8	July_21th
355.25	31	1.8	July_21th
355.5	31	1.9	July_21th
355.75	31	1.9	July_21th
356	31	1.9	July_21th
356.25	31.1	1.9	July_21th
356.5	32	1.8	July_21th
356.75	31.9	1.8	July_21th
357	32.6	1.7	July_21th
357.25	32.6	1.6	July_21th
357.5	32.4	1.6	July_21th
357.75	32.6	1.6	July_21th
358	32.7	1.6	July_21th
358.25	32.8	1.5	July_21th
358.5	32.9	1.5	July_21th
358.75	33	1.4	July_21th
359	33	1.4	July_21th
359.25	33.2	1.3	July_21th
359.5	33.3	1.3	July_21th
359.75	33.4	1.2	July_21th
360	33.6	1.2	July_21th
360.25	33.8	1.1	July_21th
360.5	33.9	1.1	July_21th
360.75	33.9	1	July_21th
361	33.9	0.9	July_21th
361.25	33.9	0.8	July_21th
361.5	33.8	0.8	July_21th
361.75	33.8	0.7	July_21th
362	33.8	0.7	July_21th
362.25	33.8	0.7	July_21th
362.5	33.8	0.7	July_21th
362.75	33.8	0.8	July_21th
363	33.8	0.8	July_21th
363.25	33.8	0.9	July_21th
363.5	33.7	1	July_21th
363.75	33.7	1	July_21th
364	33.7	1.1	July_21th
364.25	33.7	1.2	July_21th
364.5	33.6	1.3	July_21th
364.75	33.5	1.4	July_21th
365	33.4	1.5	July_21th
365.25	33.3	1.5	July_21th
365.5	33.2	1.6	July_21th
365.75	33.2	1.7	July_21th
366	33.1	1.7	July_21th
366.25	33.1	1.8	July_21th
366.5	33	1.8	July_21th
366.75	33	1.9	July_21th
367	32.9	1.9	July_21th
367.25	32.9	1.9	July_21th
367.5	32.8	2	July_21th
367.75	32.7	2	July_21th
368	32.7	2	July_21th
368.25	32.6	2.1	July_21th
368.5	32.5	2.1	July_21th
368.75	32.5	2.1	July_21th
369	32.4	2.1	July_22nd
369.25	32.4	2.2	July_22nd
369.5	32.3	2.2	July_22nd
369.75	32.3	2.1	July_22nd
370	32.3	2.1	July_22nd
370.25	32.2	2.1	July_22nd
370.5	32.2	2	July_22nd
370.75	32.3	2	July_22nd
371	32.3	2	July_22nd
371.25	32.3	1.9	July_22nd
371.5	32.3	1.9	July_22nd
371.75	32.2	1.9	July_22nd
372	32.2	1.8	July_22nd
372.25	32.2	1.8	July_22nd
372.5	32.2	1.7	July_22nd
372.75	32.1	1.7	July_22nd
373	32.1	1.6	July_22nd
373.25	32	1.6	July_22nd
373.5	31.9	1.5	July_22nd
373.75	31.9	1.5	July_22nd
374	31.8	1.4	July_22nd
374.25	31.7	1.4	July_22nd
374.5	31.7	1.3	July_22nd
374.75	31.6	1.2	July_22nd
375	31.5	1.2	July_22nd
375.25	31.4	1.1	July_22nd
375.5	31.3	1.1	July_22nd
375.75	31.2	1	July_22nd
376	31.3	1	July_22nd
376.25	31.3	1.1	July_22nd
376.5	31.4	1.1	July_22nd
376.75	31.4	1.2	July_22nd
377	31.5	1.3	July_22nd
377.25	31.5	1.3	July_22nd
377.5	31.5	1.4	July_22nd
377.75	31.5	1.5	July_22nd
378	31.6	1.5	July_22nd
378.25	31.5	1.6	July_22nd
378.5	31.5	1.7	July_22nd
378.75	31.6	1.7	July_22nd
379	31.7	1.7	July_22nd
379.25	31.7	1.8	July_22nd
379.5	31.7	1.8	July_22nd
379.75	31.7	1.9	July_22nd
380	31.6	1.9	July_22nd
380.25	31.8	2	July_22nd
380.5	31.7	2	July_22nd
380.75	31.8	2	July_22nd
381	31.5	2.1	July_22nd
381.25	31.5	2.1	July_22nd
381.5	31.5	2.1	July_22nd
381.75	31.9	2.1	July_22nd
382	33.3	2	July_22nd
382.25	34.1	1.9	July_22nd
382.5	34.1	1.8	July_22nd
382.75	33	1.9	July_22nd
383	33.1	1.8	July_22nd
383.25	33.2	1.8	July_22nd
383.5	33.2	1.7	July_22nd
383.75	33.3	1.7	July_22nd
384	33.2	1.7	July_22nd
384.25	33.2	1.6	July_22nd
384.5	33.3	1.6	July_22nd
384.75	33.3	1.5	July_22nd
385	33.3	1.5	July_22nd
385.25	33.3	1.4	July_22nd
385.5	33.3	1.3	July_22nd
385.75	33.2	1.3	July_22nd
386	33.2	1.2	July_22nd
386.25	33.1	1.1	July_22nd
386.5	33	1.1	July_22nd
386.75	32.9	1	July_22nd
387	32.8	0.9	July_22nd
387.25	32.7	0.9	July_22nd
387.5	32.7	1	July_22nd
387.75	32.8	1	July_22nd
388	32.8	1.1	July_22nd
388.25	32.7	1.1	July_22nd
388.5	32.7	1.2	July_22nd
388.75	32.7	1.3	July_22nd
389	32.6	1.4	July_22nd
389.25	32.6	1.4	July_22nd
389.5	32.4	1.6	July_22nd
389.75	32.3	1.6	July_22nd
390	32.2	1.7	July_22nd
390.25	32.2	1.8	July_22nd
390.5	32.1	1.8	July_22nd
390.75	32.1	1.9	July_22nd
391	32	2	July_22nd
391.25	32	2.1	July_22nd
391.5	32	2.1	July_22nd
391.75	32	2.1	July_22nd
392	32	2.2	July_22nd
392.25	31.9	2.2	July_22nd
392.5	31.9	2.2	July_22nd
392.75	31.8	2.3	July_22nd
393	31.8	2.3	July_23rd
393.25	31.8	2.4	July_23rd
393.5	31.8	2.4	July_23rd
393.75	31.8	2.4	July_23rd
394	31.7	2.5	July_23rd
394.25	31.7	2.5	July_23rd
394.5	31.7	2.5	July_23rd
394.75	31.5	2.4	July_23rd
395	31.4	2.4	July_23rd
395.25	31.4	2.4	July_23rd
395.5	31.3	2.3	July_23rd
395.75	31.3	2.3	July_23rd
396	31.3	2.3	July_23rd
396.25	31.3	2.2	July_23rd
396.5	31.2	2.2	July_23rd
396.75	31.1	2.2	July_23rd
397	31	2.1	July_23rd
397.25	31	2.1	July_23rd
397.5	30.9	2	July_23rd
397.75	30.9	1.9	July_23rd
398	30.8	1.8	July_23rd
398.25	30.7	1.8	July_23rd
398.5	30.6	1.8	July_23rd
398.75	30.6	1.7	July_23rd
399	30.5	1.7	July_23rd
399.25	30.4	1.6	July_23rd
399.5	30.4	1.5	July_23rd
399.75	30.3	1.5	July_23rd
400	30.3	1.4	July_23rd
400.25	30.2	1.4	July_23rd
400.5	30.1	1.3	July_23rd
400.75	30.1	1.2	July_23rd
401	30.1	1.2	July_23rd
401.25	30.2	1.3	July_23rd
401.5	30.3	1.4	July_23rd
401.75	30.4	1.4	July_23rd
402	30.4	1.5	July_23rd
402.25	30.5	1.6	July_23rd
402.5	30.5	1.7	July_23rd
402.75	30.6	1.7	July_23rd
403	30.7	1.8	July_23rd
403.25	30.8	1.9	July_23rd
403.5	30.8	1.9	July_23rd
403.75	30.8	1.9	July_23rd
404	30.9	2	July_23rd
404.25	30.9	2	July_23rd
404.5	30.9	2	July_23rd
404.75	30.9	2.2	July_23rd
405	30.9	2.2	July_23rd
405.25	31	2.2	July_23rd
405.5	30.9	2.2	July_23rd
405.75	30.9	2.3	July_23rd
406	31	2.3	July_23rd
406.25	31	2.4	July_23rd
406.5	31	2.4	July_23rd
406.75	32.5	2.1	July_23rd
407	31.3	2.3	July_23rd
407.25	32.4	2.1	July_23rd
407.5	32	2.1	July_23rd
407.75	31.7	2	July_23rd
408	31.7	2	July_23rd
408.25	31.6	2	July_23rd
408.5	31.6	1.9	July_23rd
408.75	31.6	1.9	July_23rd
409	31.6	1.8	July_23rd
409.25	31.8	1.8	July_23rd
409.5	31.8	1.7	July_23rd
409.75	31.8	1.7	July_23rd
410	31.7	1.6	July_23rd
410.25	31.7	1.6	July_23rd
410.5	31.6	1.5	July_23rd
410.75	31.6	1.4	July_23rd
411	31.6	1.4	July_23rd
411.25	31.5	1.3	July_23rd
411.5	31.4	1.2	July_23rd
411.75	31.2	1.1	July_23rd
412	31.2	1.1	July_23rd
412.25	31.2	1.1	July_23rd
412.5	31.3	1.2	July_23rd
412.75	31.3	1.3	July_23rd
413	31.3	1.3	July_23rd
413.25	31.3	1.4	July_23rd
413.5	31.3	1.5	July_23rd
413.75	31.2	1.5	July_23rd
414	31.2	1.7	July_23rd
414.25	31.1	1.8	July_23rd
414.5	31.1	1.8	July_23rd
414.75	31	1.9	July_23rd
415	31	2	July_23rd
415.25	30.9	2	July_23rd
415.5	30.9	2	July_23rd
415.75	30.9	2.1	July_23rd
416	30.8	2.2	July_23rd
416.25	30.8	2.2	July_23rd
416.5	30.8	2.2	July_23rd
416.75	30.8	2.3	July_23rd
417	30.8	2.4	July_24th
417.25	30.8	2.4	July_24th
417.5	30.7	2.4	July_24th
417.75	30.7	2.5	July_24th
418	30.7	2.5	July_24th
418.25	30.6	2.5	July_24th
418.5	30.6	2.5	July_24th
418.75	30.6	2.6	July_24th
419	30.4	2.6	July_24th
419.25	30.3	2.5	July_24th
419.5	30.3	2.6	July_24th
419.75	30.2	2.6	July_24th
420	30.1	2.5	July_24th
420.25	30.2	2.5	July_24th
420.5	30.1	2.5	July_24th
420.75	30.1	2.4	July_24th
421	30.1	2.4	July_24th
421.25	30.1	2.4	July_24th
421.5	30.1	2.3	July_24th
421.75	30	2.3	July_24th
422	29.9	2.3	July_24th
422.25	29.9	2.2	July_24th
422.5	29.9	2.1	July_24th
422.75	29.8	2.1	July_24th
423	29.8	2	July_24th
423.25	29.7	2	July_24th
423.5	29.6	1.9	July_24th
423.75	29.6	1.9	July_24th
424	29.5	1.8	July_24th
424.25	29.5	1.8	July_24th
424.5	29.4	1.7	July_24th
424.75	29.4	1.7	July_24th
425	29.3	1.6	July_24th
425.25	29.2	1.5	July_24th
425.5	29.1	1.4	July_24th
425.75	29	1.4	July_24th
426	29	1.3	July_24th
426.25	29.2	1.4	July_24th
426.5	29.4	1.5	July_24th
426.75	29.4	1.7	July_24th
427	29.6	1.7	July_24th
427.25	29.6	1.7	July_24th
427.5	29.7	1.8	July_24th
427.75	29.8	1.8	July_24th
428	29.7	1.8	July_24th
428.25	29.7	1.9	July_24th
428.5	29.8	2	July_24th
428.75	29.8	2	July_24th
429	29.9	2	July_24th
429.25	29.9	2.1	July_24th
429.5	30.3	2.1	July_24th
429.75	30.2	2.1	July_24th
430	30.3	2.1	July_24th
430.25	30.3	2.3	July_24th
430.5	30.4	2.3	July_24th
430.75	30.3	2.3	July_24th
431	30.4	2.3	July_24th
431.25	30.2	2.4	July_24th
431.5	30.3	2.3	July_24th
431.75	31.3	2.2	July_24th
432	32.1	2.2	July_24th
432.25	32.6	2.1	July_24th
432.5	32	2.1	July_24th
432.75	31.8	2	July_24th
433	31.7	1.9	July_24th
433.25	31.6	2	July_24th
433.5	31.6	1.9	July_24th
433.75	31.5	1.9	July_24th
434	31.5	1.9	July_24th
434.25	31.4	1.8	July_24th
434.5	31.4	1.8	July_24th
434.75	31.4	1.7	July_24th
435	31.3	1.6	July_24th
435.25	31.2	1.5	July_24th
435.5	31.2	1.4	July_24th
435.75	31.1	1.4	July_24th
436	31	1.3	July_24th
436.25	30.9	1.2	July_24th
436.5	30.8	1.1	July_24th
436.75	30.7	1	July_24th
437	30.5	0.9	July_24th
437.25	30.3	0.9	July_24th
437.5	30.3	0.9	July_24th
437.75	30.5	1	July_24th
438	30.5	1.1	July_24th
438.25	30.6	1.2	July_24th
438.5	30.6	1.3	July_24th
438.75	30.6	1.4	July_24th
439	30.4	1.5	July_24th
439.25	30.2	1.5	July_24th
439.5	30.3	1.6	July_24th
439.75	30.4	1.7	July_24th
440	30.4	1.8	July_24th
440.25	30.4	1.9	July_24th
440.5	30.3	1.9	July_24th
440.75	30.3	2	July_24th
441	30.2	2.1	July_25th
441.25	30.1	2	July_25th
441.5	30.1	2.1	July_25th
441.75	30.1	2.1	July_25th
442	30	2.2	July_25th
442.25	30	2.3	July_25th
442.5	30.1	2.4	July_25th
442.75	30.1	2.4	July_25th
443	30.1	2.5	July_25th
443.25	30.1	2.5	July_25th
443.5	30.1	2.5	July_25th
443.75	30.1	2.5	July_25th
444	30.1	2.6	July_25th
444.25	30.1	2.6	July_25th
444.5	30	2.5	July_25th
444.75	29.7	2.4	July_25th
445	29.7	2.3	July_25th
445.25	29.6	2.3	July_25th
445.5	29.6	2.3	July_25th
445.75	29.6	2.2	July_25th
446	29.5	2.2	July_25th
446.25	29.5	2.1	July_25th
446.5	29.4	2.1	July_25th
446.75	29.3	2	July_25th
447	29.3	1.9	July_25th
447.25	29.2	1.9	July_25th
447.5	29.2	1.8	July_25th
447.75	29.1	1.7	July_25th
448	29	1.6	July_25th
448.25	29	1.5	July_25th
448.5	28.9	1.5	July_25th
448.75	28.9	1.5	July_25th
449	28.8	1.4	July_25th
449.25	28.6	1.3	July_25th
449.5	28.3	1.2	July_25th
449.75	28	1	July_25th
450	27.9	0.9	July_25th
450.25	27.6	0.9	July_25th
450.5	27.4	0.8	July_25th
450.75	27.4	0.7	July_25th
451	27.3	0.7	July_25th
451.25	27.5	0.7	July_25th
451.5	27.8	0.8	July_25th
451.75	28.2	1	July_25th
452	28.4	1.1	July_25th
452.25	28.5	1.1	July_25th
452.5	28.6	1.3	July_25th
